dimwishlist:item=3146657389&perks=1840239774,807993149,1421772400,555281244,1309453587
dimwishlist:item=3146657389&perks=1840239774,807993149,1421772400,555281244,4280607931
dimwishlist:item=3146657389&perks=1840239774,807993149,3932949589,555281244,1309453587
dimwishlist:item=3146657389&perks=1840239774,807993149,3932949589,555281244,4280607931
dimwishlist:item=3146657389&perks=839105230,2969185026,3619207468,555281244,1309453587
dimwishlist:item=3146657389&perks=839105230,2969185026,3619207468,555281244,4280607931

// Psi Aeterna IV (pve)
//notes: tags:pve
dimwishlist:item=3556730800&perks=1478423395,1087426260,511499160,496047945,3846229553
dimwishlist:item=3556730800&perks=1478423395,1087426260,511499160,496047945,1621842933
dimwishlist:item=3556730800&perks=1478423395,1087426260,511499160,717070634,3846229553
dimwishlist:item=3556730800&perks=1478423395,1087426260,511499160,717070634,1621842933
dimwishlist:item=3556730800&perks=1478423395,1087426260,3696140595,496047945,3846229553
dimwishlist:item=3556730800&perks=1478423395,1087426260,3696140595,496047945,1621842933
dimwishlist:item=3556730800&perks=1478423395,1087426260,3696140595,717070634,3846229553
dimwishlist:item=3556730800&perks=1478423395,1087426260,3696140595,717070634,1621842933
dimwishlist:item=3556730800&perks=1478423395,106909392,511499160,496047945,3846229553
dimwishlist:item=3556730800&perks=1478423395,106909392,511499160,496047945,1621842933
dimwishlist:item=3556730800&perks=1478423395,106909392,511499160,717070634,3846229553
dimwishlist:item=3556730800&perks=1478423395,106909392,511499160,717070634,1621842933
dimwishlist:item=3556730800&perks=1478423395,106909392,3696140595,496047945,3846229553
dimwishlist:item=3556730800&perks=1478423395,106909392,3696140595,496047945,1621842933
dimwishlist:item=3556730800&perks=1478423395,106909392,3696140595,717070634,3846229553
dimwishlist:item=3556730800&perks=1478423395,106909392,3696140595,717070634,1621842933
dimwishlist:item=3556730800&perks=1478423395,1065371964,511499160,496047945,3846229553
dimwishlist:item=3556730800&perks=1478423395,1065371964,511499160,496047945,1621842933
dimwishlist:item=3556730800&perks=1478423395,1065371964,511499160,717070634,3846229553
dimwishlist:item=3556730800&perks=1478423395,1065371964,511499160,717070634,1621842933
dimwishlist:item=3556730800&perks=1478423395,1065371964,3696140595,496047945,3846229553
dimwishlist:item=3556730800&perks=1478423395,1065371964,3696140595,496047945,1621842933
dimwishlist:item=3556730800&perks=1478423395,1065371964,3696140595,717070634,3846229553
dimwishlist:item=3556730800&perks=1478423395,1065371964,3696140595,717070634,1621842933
dimwishlist:item=3556730800&perks=1478423395,1783397184,511499160,496047945,3846229553
dimwishlist:item=3556730800&perks=1478423395,1783397184,511499160,496047945,1621842933
dimwishlist:item=3556730800&perks=1478423395,1783397184,511499160,717070634,3846229553
dimwishlist:item=3556730800&perks=1478423395,1783397184,511499160,717070634,1621842933
dimwishlist:item=3556730800&perks=1478423395,1783397184,3696140595,496047945,3846229553
dimwishlist:item=3556730800&perks=1478423395,1783397184,3696140595,496047945,1621842933
dimwishlist:item=3556730800&perks=1478423395,1783397184,3696140595,717070634,3846229553
dimwishlist:item=3556730800&perks=1478423395,1783397184,3696140595,717070634,1621842933
dimwishlist:item=3556730800&perks=1844523823,1087426260,511499160,496047945,3846229553
dimwishlist:item=3556730800&perks=1844523823,1087426260,511499160,496047945,1621842933
dimwishlist:item=3556730800&perks=1844523823,1087426260,511499160,717070634,3846229553
dimwishlist:item=3556730800&perks=1844523823,1087426260,511499160,717070634,1621842933
dimwishlist:item=3556730800&perks=1844523823,1087426260,3696140595,496047945,3846229553
dimwishlist:item=3556730800&perks=1844523823,1087426260,3696140595,496047945,1621842933
dimwishlist:item=3556730800&perks=1844523823,1087426260,3696140595,717070634,3846229553
dimwishlist:item=3556730800&perks=1844523823,1087426260,3696140595,717070634,1621842933
dimwishlist:item=3556730800&perks=1844523823,106909392,511499160,496047945,3846229553
dimwishlist:item=3556730800&perks=1844523823,106909392,511499160,496047945,1621842933
dimwishlist:item=3556730800&perks=1844523823,106909392,511499160,717070634,3846229553
dimwishlist:item=3556730800&perks=1844523823,106909392,511499160,717070634,1621842933
dimwishlist:item=3556730800&perks=1844523823,106909392,3696140595,496047945,3846229553
dimwishlist:item=3556730800&perks=1844523823,106909392,3696140595,496047945,1621842933
dimwishlist:item=3556730800&perks=1844523823,106909392,3696140595,717070634,3846229553
dimwishlist:item=3556730800&perks=1844523823,106909392,3696140595,717070634,1621842933
dimwishlist:item=3556730800&perks=1844523823,1065371964,511499160,496047945,3846229553
dimwishlist:item=3556730800&perks=1844523823,1065371964,511499160,496047945,1621842933
dimwishlist:item=3556730800&perks=1844523823,1065371964,511499160,717070634,3846229553
dimwishlist:item=3556730800&perks=1844523823,1065371964,511499160,717070634,1621842933
dimwishlist:item=3556730800&perks=1844523823,1065371964,3696140595,496047945,3846229553
dimwishlist:item=3556730800&perks=1844523823,1065371964,3696140595,496047945,1621842933
dimwishlist:item=3556730800&perks=1844523823,1065371964,3696140595,717070634,3846229553
dimwishlist:item=3556730800&perks=1844523823,1065371964,3696140595,717070634,1621842933
dimwishlist:item=3556730800&perks=1844523823,1783397184,511499160,496047945,3846229553
dimwishlist:item=3556730800&perks=1844523823,1783397184,511499160,496047945,1621842933
dimwishlist:item=3556730800&perks=1844523823,1783397184,511499160,717070634,3846229553
dimwishlist:item=3556730800&perks=1844523823,1783397184,511499160,717070634,1621842933
dimwishlist:item=3556730800&perks=1844523823,1783397184,3696140595,496047945,3846229553
dimwishlist:item=3556730800&perks=1844523823,1783397184,3696140595,496047945,1621842933
dimwishlist:item=3556730800&perks=1844523823,1783397184,3696140595,717070634,3846229553
dimwishlist:item=3556730800&perks=1844523823,1783397184,3696140595,717070634,1621842933
dimwishlist:item=3556730800&perks=373417387,1087426260,511499160,496047945,3846229553
dimwishlist:item=3556730800&perks=373417387,1087426260,511499160,496047945,1621842933
dimwishlist:item=3556730800&perks=373417387,1087426260,511499160,717070634,3846229553
dimwishlist:item=3556730800&perks=373417387,1087426260,511499160,717070634,1621842933
dimwishlist:item=3556730800&perks=373417387,1087426260,3696140595,496047945,3846229553
dimwishlist:item=3556730800&perks=373417387,1087426260,3696140595,496047945,1621842933
dimwishlist:item=3556730800&perks=373417387,1087426260,3696140595,717070634,3846229553
dimwishlist:item=3556730800&perks=373417387,1087426260,3696140595,717070634,1621842933
dimwishlist:item=3556730800&perks=373417387,106909392,511499160,496047945,3846229553
dimwishlist:item=3556730800&perks=373417387,106909392,511499160,496047945,1621842933
dimwishlist:item=3556730800&perks=373417387,106909392,511499160,717070634,3846229553
dimwishlist:item=3556730800&perks=373417387,106909392,511499160,717070634,1621842933
dimwishlist:item=3556730800&perks=373417387,106909392,3696140595,496047945,3846229553
dimwishlist:item=3556730800&perks=373417387,106909392,3696140595,496047945,1621842933
dimwishlist:item=3556730800&perks=373417387,106909392,3696140595,717070634,3846229553
dimwishlist:item=3556730800&perks=373417387,106909392,3696140595,717070634,1621842933
dimwishlist:item=3556730800&perks=373417387,1065371964,511499160,496047945,3846229553
dimwishlist:item=3556730800&perks=373417387,1065371964,511499160,496047945,1621842933
dimwishlist:item=3556730800&perks=373417387,1065371964,511499160,717070634,3846229553
dimwishlist:item=3556730800&perks=373417387,1065371964,511499160,717070634,1621842933
dimwishlist:item=3556730800&perks=373417387,1065371964,3696140595,496047945,3846229553
dimwishlist:item=3556730800&perks=373417387,1065371964,3696140595,496047945,1621842933
dimwishlist:item=3556730800&perks=373417387,1065371964,3696140595,717070634,3846229553
dimwishlist:item=3556730800&perks=373417387,1065371964,3696140595,717070634,1621842933
dimwishlist:item=3556730800&perks=373417387,1783397184,511499160,496047945,3846229553
dimwishlist:item=3556730800&perks=373417387,1783397184,511499160,496047945,1621842933
dimwishlist:item=3556730800&perks=373417387,1783397184,511499160,717070634,3846229553
dimwishlist:item=3556730800&perks=373417387,1783397184,511499160,717070634,1621842933
dimwishlist:item=3556730800&perks=373417387,1783397184,3696140595,496047945,3846229553
dimwishlist:item=3556730800&perks=373417387,1783397184,3696140595,496047945,1621842933
dimwishlist:item=3556730800&perks=373417387,1783397184,3696140595,717070634,3846229553
dimwishlist:item=3556730800&perks=373417387,1783397184,3696140595,717070634,1621842933
dimwishlist:item=3556730800&perks=3471392239,1087426260,511499160,496047945,3846229553
dimwishlist:item=3556730800&perks=3471392239,1087426260,511499160,496047945,1621842933
dimwishlist:item=3556730800&perks=3471392239,1087426260,511499160,717070634,3846229553
dimwishlist:item=3556730800&perks=3471392239,1087426260,511499160,717070634,1621842933
dimwishlist:item=3556730800&perks=3471392239,1087426260,3696140595,496047945,3846229553
dimwishlist:item=3556730800&perks=3471392239,1087426260,3696140595,496047945,1621842933
dimwishlist:item=3556730800&perks=3471392239,1087426260,3696140595,717070634,3846229553
dimwishlist:item=3556730800&perks=3471392239,1087426260,3696140595,717070634,1621842933
dimwishlist:item=3556730800&perks=3471392239,106909392,511499160,496047945,3846229553
dimwishlist:item=3556730800&perks=3471392239,106909392,511499160,496047945,1621842933
dimwishlist:item=3556730800&perks=3471392239,106909392,511499160,717070634,3846229553
dimwishlist:item=3556730800&perks=3471392239,106909392,511499160,717070634,1621842933
dimwishlist:item=3556730800&perks=3471392239,106909392,3696140595,496047945,3846229553
dimwishlist:item=3556730800&perks=3471392239,106909392,3696140595,496047945,1621842933
dimwishlist:item=3556730800&perks=3471392239,106909392,3696140595,717070634,3846229553
dimwishlist:item=3556730800&perks=3471392239,106909392,3696140595,717070634,1621842933
dimwishlist:item=3556730800&perks=3471392239,1065371964,511499160,496047945,3846229553
dimwishlist:item=3556730800&perks=3471392239,1065371964,511499160,496047945,1621842933
dimwishlist:item=3556730800&perks=3471392239,1065371964,511499160,717070634,3846229553
dimwishlist:item=3556730800&perks=3471392239,1065371964,511499160,717070634,1621842933
dimwishlist:item=3556730800&perks=3471392239,1065371964,3696140595,496047945,3846229553
dimwishlist:item=3556730800&perks=3471392239,1065371964,3696140595,496047945,1621842933
dimwishlist:item=3556730800&perks=3471392239,1065371964,3696140595,717070634,3846229553
dimwishlist:item=3556730800&perks=3471392239,1065371964,3696140595,717070634,1621842933
dimwishlist:item=3556730800&perks=3471392239,1783397184,511499160,496047945,3846229553
dimwishlist:item=3556730800&perks=3471392239,1783397184,511499160,496047945,1621842933
dimwishlist:item=3556730800&perks=3471392239,1783397184,511499160,717070634,3846229553
dimwishlist:item=3556730800&perks=3471392239,1783397184,511499160,717070634,1621842933
dimwishlist:item=3556730800&perks=3471392239,1783397184,3696140595,496047945,3846229553
dimwishlist:item=3556730800&perks=3471392239,1783397184,3696140595,496047945,1621842933
dimwishlist:item=3556730800&perks=3471392239,1783397184,3696140595,717070634,3846229553
dimwishlist:item=3556730800&perks=3471392239,1783397184,3696140595,717070634,1621842933


